508
8 32
10 267
14 933
14 371
15 527
17 321
20 274
23 248
25 822
25 303
26 301
30 183
32 517
34 229
35 453
37 247
39 723
44 878
47 994
47 527
49 766
51 813
52 11
54 188
54 976
57 930
61 649
68 509
69 685
71 891
71 514
72 454
72 893
74 188
76 917
76 617
76 774
78 153
84 606
84 522
84 531
85 245
87 843
88 65
89 488
89 250
90 523
93 995
94 664
98 866
100 167
101 918
101 960
102 542
103 747
103 270
106 433
108 420
114 660
114 687
114 290
114 516
115 324
116 287
118 324
119 47
124 699
127 847
128 730
130 901
132 108
134 908
135 7
136 118
136 240
137 369
140 813
144 364
145 427
146 24
147 409
149 885
149 391
157 889
161 205
162 308
163 443
167 400
170 397
170 49
180 690
180 661
180 145
182 27
182 512
183 696
192 526
193 885
194 174
197 611
197 44
200 822
203 939
204 876
204 283
208 958
212 696
213 753
214 977
218 37
218 501
219 402
220 838
223 854
223 985
225 315
228 156
229 405
229 880
230 333
235 85
235 35
238 331
239 376
240 749
242 358
246 629
248 271
248 682
248 951
249 265
249 109
250 237
250 972
256 710
257 653
259 992
259 119
259 557
263 744
264 604
272 930
274 861
274 329
275 129
275 992
276 407
278 720
280 210
283 522
283 451
284 936
290 45
291 230
291 2
291 620
297 284
299 176
300 117
307 907
312 332
315 831
315 597
315 558
321 797
323 971
324 977
328 843
330 646
332 850
333 738
333 997
334 836
339 235
339 410
341 28
344 550
348 231
352 187
353 958
354 989
356 960
356 8
357 692
358 684
358 768
360 783
360 891
360 249
360 569
361 935
364 418
366 634
368 719
369 627
371 107
373 204
376 225
377 99
379 825
379 819
380 939
381 404
381 200
382 723
382 363
388 43
389 894
390 174
390 72
393 278
397 571
398 648
399 507
399 899
400 881
401 26
402 543
406 548
408 822
412 366
413 364
413 194
414 328
414 133
416 315
421 85
423 362
423 466
424 947
426 799
427 856
429 999
430 586
441 854
448 729
449 189
449 182
451 193
452 316
456 443
459 128
463 875
464 916
467 375
467 14
469 113
471 734
472 510
473 386
473 641
477 422
477 16
478 761
478 822
486 311
487 624
489 899
501 727
505 24
507 34
516 782
517 748
517 571
518 608
524 119
524 408
526 152
528 269
529 444
531 337
532 189
534 996
535 658
536 369
536 928
537 808
539 335
541 306
541 881
545 468
546 369
548 552
550 185
555 462
556 493
557 241
559 55
559 233
563 711
565 786
568 645
573 399
573 277
580 987
581 561
583 139
583 95
586 578
587 26
588 373
590 364
590 451
591 439
592 934
593 987
596 981
598 299
611 225
613 14
614 474
615 1000
616 138
617 975
618 223
624 826
627 895
630 332
633 111
637 642
638 857
641 577
645 275
647 54
648 344
649 688
651 155
652 156
654 405
662 947
663 666
665 381
667 424
670 605
670 38
671 694
673 755
679 760
682 477
685 589
685 75
686 258
687 110
690 262
690 360
693 782
694 81
695 891
695 182
699 39
701 140
702 469
703 906
707 786
708 350
708 797
709 472
709 678
711 638
712 908
713 798
713 978
716 541
723 449
724 983
728 891
729 516
729 790
729 448
732 158
734 70
734 492
734 244
735 472
737 147
740 477
742 728
743 985
744 786
745 892
746 863
748 439
748 634
751 171
751 435
755 843
760 295
761 261
762 480
762 487
762 849
763 539
765 997
766 341
766 646
768 902
769 855
771 513
771 790
771 656
772 301
775 790
784 121
787 590
793 482
798 151
802 746
804 790
806 860
808 485
810 693
811 929
814 898
817 698
817 763
822 716
822 984
823 316
824 174
824 955
829 335
830 129
831 683
831 508
832 969
834 530
835 546
836 608
838 8
840 184
843 498
846 229
848 459
848 82
848 437
851 498
854 234
856 891
857 996
857 893
859 786
861 650
862 585
865 837
870 100
870 755
871 42
871 526
875 376
875 494
876 650
876 189
876 27
878 927
880 518
885 624
887 923
888 776
888 388
889 591
890 869
895 358
896 746
896 69
899 911
900 191
904 323
908 799
909 564
910 986
913 151
914 329
914 636
918 366
920 823
923 237
923 278
924 74
927 115
929 702
929 984
936 719
936 246
946 15
949 400
951 450
955 3
957 576
959 317
961 469
964 159
968 822
972 943
977 357
981 491
982 292
984 779
987 613
988 785
990 599
991 516
994 510
995 26
996 514
996 421
998 685
999 707
1000 960
