5075
2 5795
6 8789
6 3538
9 2323
10 4109
13 2890
13 4682
16 8065
16 1455
20 121
22 1488
22 3562
25 4685
26 6962
28 4882
36 6905
38 7407
39 367
40 7838
41 8333
41 1661
44 8498
47 6035
47 2504
48 376
49 5252
59 2596
59 9055
62 5002
65 9731
67 7547
68 1689
68 139
69 339
69 1127
71 1812
74 2083
74 6471
75 8221
80 3179
80 9819
80 4602
82 9909
83 9673
83 5076
85 4169
90 5883
90 1486
91 3147
92 2699
94 5639
96 5922
96 2351
98 4024
99 7924
101 7491
101 4004
105 3599
107 792
108 1895
111 6978
115 985
119 2029
119 941
120 5729
122 3071
122 4186
123 9552
127 488
129 2054
131 8783
131 1582
132 1257
132 1704
132 2649
133 7515
137 1836
138 5647
140 125
144 8547
146 6086
147 774
151 758
151 1974
152 9226
152 4192
155 8547
155 2297
157 8808
168 9942
170 8126
170 733
170 9221
180 8849
188 7513
189 7271
191 2162
194 7594
196 9496
197 2175
197 3336
198 3301
198 6889
201 1072
205 1741
207 4666
208 2959
208 386
209 9246
219 6551
223 408
225 2737
225 7278
226 1047
227 511
227 4999
229 5517
229 3481
230 51
233 6708
234 9992
234 9683
234 5390
235 8236
235 4265
237 7657
241 2494
242 6171
245 5805
248 7292
250 319
250 1814
252 9406
252 1181
252 775
254 9114
254 4875
254 5232
256 9203
257 4944
258 1346
260 6293
261 4336
262 5491
263 4860
271 2546
271 5527
272 5720
278 8940
279 2085
282 2767
284 6594
284 5531
284 7309
294 1370
300 4647
300 3885
304 441
309 4711
310 8400
312 4452
314 8860
315 8319
315 4003
316 762
318 7231
319 3272
322 2970
325 9816
326 8792
327 4082
327 3886
329 1607
330 6608
331 6724
337 5882
340 5539
342 4390
345 1495
345 7976
347 6415
349 7989
351 1872
352 5301
353 6208
355 3881
356 7513
356 6276
363 6234
366 4870
366 8273
367 1661
368 7294
369 404
369 1354
371 8867
373 3034
373 1842
374 2948
375 8072
378 3931
379 5820
379 5965
382 6907
382 1552
387 785
388 4956
391 2193
391 6350
393 7318
394 3160
396 3669
398 5493
399 4583
400 9092
400 1128
405 3474
405 1604
407 2445
407 6112
408 902
412 7561
413 7204
413 5063
414 7718
417 3844
417 6060
421 631
422 8495
424 6623
427 48
429 4066
430 8356
433 3484
436 3268
437 9335
437 4769
442 8349
444 2862
444 182
444 9496
445 3235
447 2814
448 4928
451 9736
455 6141
463 7300
469 7612
469 6183
478 1584
478 3135
478 4138
478 4691
480 2734
480 3061
485 8580
485 5731
486 3104
487 7450
488 1745
489 8899
491 905
491 1924
496 7114
496 3731
499 6378
507 9370
509 7426
510 8061
510 6108
511 8870
511 2997
513 3336
514 8161
514 973
514 9236
514 8845
515 8012
518 9679
519 746
519 8956
519 9643
520 8041
520 557
521 4687
524 3062
525 7554
527 4736
527 7554
527 4067
530 8435
531 7
533 7105
534 3257
538 3139
538 946
540 3240
541 9258
541 6138
542 74
542 6571
542 5514
543 4948
544 1659
544 7082
548 7587
549 8766
553 8519
566 2276
566 3144
566 3605
567 3284
567 9561
571 5148
573 2086
574 8767
574 9186
579 5330
582 9098
588 1443
588 530
590 2921
593 4301
594 3291
599 4265
602 6718
603 5181
604 5871
604 5674
605 7155
607 6619
607 8208
610 7752
613 6296
613 423
616 5311
616 7272
616 4236
619 2565
622 1072
624 3327
625 7307
627 7506
628 5638
630 9642
632 3727
634 3777
638 4708
640 677
641 8254
642 1809
642 857
650 6746
651 6221
653 2926
663 9308
664 4134
666 1083
666 6357
668 5343
669 7893
677 9481
677 1724
681 8573
683 2547
687 1737
687 4575
689 9539
693 9958
693 5991
694 5614
695 2129
703 5371
707 7447
710 7338
710 9076
713 1086
713 2987
715 7440
715 5679
716 4141
718 8124
720 5769
721 320
722 6998
722 454
725 6972
725 291
727 2336
727 4624
730 2832
731 2080
735 1291
736 5375
736 6288
737 1742
740 7033
741 9004
743 4434
744 3609
745 8956
745 8491
745 1002
749 1362
756 9645
756 1752
759 7896
761 5056
763 1879
764 2144
766 3167
769 4264
769 662
771 8037
775 9703
776 3515
777 6670
779 2066
779 9065
780 3838
781 9897
785 2494
785 1497
789 8182
799 4099
801 8581
802 3382
804 2014
806 849
808 9914
809 1153
812 8871
814 1876
815 309
816 4138
817 1178
820 7388
821 3972
828 2275
829 1136
831 8944
838 3143
839 5406
841 2999
841 9545
845 2839
845 3849
845 8818
847 1945
850 8475
851 3866
851 2758
852 1961
860 1718
863 3463
867 2787
869 117
870 4323
870 2518
874 7999
877 7204
884 7982
884 2111
885 3530
888 4860
890 3707
890 4043
893 6628
893 2825
895 6318
896 6940
898 3447
898 1739
899 9515
902 6968
902 557
903 9902
903 7636
908 4334
911 6470
912 5389
913 7739
916 691
918 2130
920 8623
920 1589
924 9044
925 6103
926 9319
931 7500
931 9333
933 296
935 7371
938 7315
941 9177
941 570
942 5511
946 5025
955 2122
955 1075
958 8026
958 6640
962 8441
976 1327
976 539
981 2919
982 7389
985 6562
985 2011
987 4369
987 7131
988 1571
989 616
989 8653
991 9192
997 8517
999 7154
1002 10
1006 7560
1006 3473
1008 9034
1009 9360
1012 3295
1012 5914
1013 5704
1019 421
1025 6609
1026 7745
1029 7667
1034 7272
1034 1134
1037 2919
1038 5683
1042 2063
1047 5394
1047 376
1048 9946
1050 2488
1057 8379
1063 5215
1064 3935
1070 736
1074 9064
1074 3937
1079 3271
1079 6667
1086 9718
1087 9066
1090 695
1090 948
1094 9839
1097 9345
1098 3277
1098 2686
1102 4410
1102 2565
1102 8670
1103 3439
1112 2649
1112 2794
1113 437
1113 9165
1115 5835
1116 4783
1119 70
1119 1195
1120 6076
1122 9355
1125 9491
1129 3389
1129 4458
1131 874
1133 4524
1133 4262
1133 8356
1135 5495
1136 4184
1137 608
1141 5932
1141 4744
1143 1417
1144 3302
1145 1169
1145 9163
1147 3941
1147 9638
1149 9922
1149 3616
1151 1918
1152 8615
1152 7148
1156 3011
1159 2404
1159 5925
1163 1785
1164 6449
1165 1322
1173 1893
1173 9697
1174 6076
1174 3791
1175 2678
1175 9676
1175 9168
1175 308
1178 3105
1180 3152
1181 8584
1182 7903
1182 2865
1182 326
1184 9032
1184 548
1188 5147
1189 5959
1189 2715
1190 4650
1192 2981
1198 9889
1198 5221
1202 1338
1206 4274
1207 4972
1210 4300
1213 2825
1213 6620
1213 4164
1214 2703
1218 9401
1221 4201
1232 9039
1233 3084
1236 183
1237 3894
1238 4205
1239 8151
1242 9139
1244 5763
1247 3915
1248 5291
1250 811
1252 3607
1255 2715
1257 8907
1257 580
1267 3346
1269 6367
1271 261
1272 5519
1273 3592
1273 9154
1274 7876
1274 1619
1277 5023
1277 4156
1278 6760
1278 7563
1282 5624
1284 9680
1285 9444
1286 9251
1286 1535
1286 3614
1291 9514
1291 264
1291 5412
1294 9575
1296 7773
1297 5548
1299 4833
1305 3180
1313 2851
1315 833
1316 8273
1317 9030
1319 3699
1319 3030
1319 4654
1321 714
1321 3209
1322 6518
1325 2519
1327 1044
1331 8386
1331 1387
1337 6337
1343 1884
1345 2644
1347 2417
1349 8804
1352 1705
1353 5866
1356 9770
1357 9415
1357 5416
1358 6856
1365 5347
1365 601
1368 9615
1372 9615
1374 5036
1380 7770
1384 3308
1387 2253
1390 5760
1392 2251
1396 24
1399 2675
1401 8109
1401 8455
1407 8806
1407 8228
1411 6205
1416 9043
1416 9187
1417 615
1425 5027
1427 4525
1427 3585
1432 8243
1433 6511
1433 4077
1437 33
1439 4780
1440 5489
1440 3621
1440 574
1441 9135
1441 2204
1444 901
1444 3674
1445 5590
1446 1090
1447 9749
1448 6173
1452 356
1456 7749
1458 5113
1460 5571
1460 5839
1460 1887
1462 5720
1462 7273
1462 2617
1463 9261
1464 2560
1465 2383
1466 2753
1468 9944
1469 9923
1472 1581
1475 9855
1476 6703
1477 5760
1479 7166
1484 2903
1486 440
1489 5704
1489 41
1492 7967
1495 4143
1496 2990
1498 4011
1499 6414
1502 7803
1505 5327
1506 5415
1510 966
1510 2897
1511 1108
1512 2784
1518 6841
1524 6236
1524 6099
1529 6319
1536 1643
1536 8448
1540 8787
1542 3212
1548 1295
1551 3864
1552 576
1552 4390
1554 6583
1556 2020
1566 2901
1568 3766
1568 4329
1572 9285
1572 5146
1573 4371
1576 5292
1577 586
1577 4477
1581 8783
1582 5494
1587 1334
1589 208
1590 4321
1590 45
1593 815
1595 6046
1596 9714
1597 5430
1601 8441
1611 581
1612 6372
1616 2722
1618 5033
1622 1684
1624 8673
1626 5202
1626 207
1628 9841
1628 3211
1629 7528
1633 9918
1637 2952
1638 3980
1645 980
1647 4844
1648 5130
1653 7885
1657 4174
1658 5939
1659 8465
1659 7322
1661 1640
1662 2364
1662 9667
1663 9178
1663 3444
1663 8357
1664 4091
1664 6122
1664 1934
1664 3156
1666 7006
1668 8637
1669 8799
1670 7109
1671 1340
1672 9936
1677 2615
1678 1605
1680 494
1680 1993
1681 6761
1682 9923
1682 7123
1683 1582
1684 1500
1685 4543
1689 7161
1691 5579
1692 5157
1692 6355
1694 9967
1697 272
1698 3938
1700 8738
1702 9688
1706 2937
1712 7915
1719 5520
1721 5869
1721 1284
1727 7746
1729 1853
1730 7645
1731 1448
1732 2488
1734 1328
1735 1249
1737 1919
1739 8704
1741 831
1748 9573
1749 9549
1753 9872
1754 3792
1754 5457
1756 3844
1759 336
1759 5762
1760 2861
1761 5672
1763 5077
1768 9930
1771 9856
1772 7333
1774 7329
1775 8909
1776 5675
1779 4027
1779 627
1779 7298
1780 3660
1789 150
1789 3075
1790 2819
1790 9914
1791 8976
1797 1835
1797 6383
1798 3105
1800 8181
1800 1826
1801 3459
1801 2394
1804 7639
1808 9983
1810 156
1814 2873
1814 4074
1815 4415
1816 8939
1818 8130
1818 1489
1822 4309
1823 1687
1824 3185
1825 3443
1827 5088
1827 2055
1831 4234
1835 9644
1835 9738
1835 5625
1837 3345
1837 5460
1842 4564
1844 1247
1848 159
1849 1164
1855 529
1856 460
1857 7745
1858 542
1861 2695
1862 867
1870 3976
1873 7575
1875 5906
1875 5052
1876 2927
1877 5687
1878 8128
1884 673
1885 7642
1886 5940
1888 8093
1889 7481
1894 126
1898 7578
1899 1922
1902 8630
1902 9698
1902 4392
1904 7952
1905 2816
1905 7840
1912 5612
1913 1805
1914 8418
1916 8481
1918 2368
1918 429
1919 4110
1921 7838
1923 1383
1926 9775
1931 2477
1931 2849
1933 4092
1933 111
1934 2564
1936 1123
1936 4899
1937 6623
1937 7632
1941 8954
1944 2429
1945 5040
1947 8094
1955 3490
1958 6249
1967 4238
1967 5628
1969 6923
1971 4828
1971 9438
1973 7035
1975 9898
1977 5549
1979 5010
1983 9034
1983 4361
1988 731
1989 51
1989 1928
1990 1811
1990 1156
1994 7538
1997 852
2000 843
2002 1387
2003 3658
2004 429
2006 157
2006 1985
2009 547
2010 975
2011 8900
2013 366
2016 1305
2017 6611
2017 3773
2018 4236
2020 7629
2020 6651
2022 7332
2023 526
2026 817
2026 4541
2028 8329
2028 2822
2028 8295
2032 4425
2033 5251
2033 9094
2036 6292
2037 3840
2039 9701
2041 6154
2042 3916
2042 7238
2048 939
2053 1518
2056 9227
2056 846
2066 9682
2070 6518
2077 250
2079 8835
2080 7219
2080 5623
2082 2572
2083 2683
2086 632
2089 5344
2090 9040
2091 5817
2093 2026
2093 167
2094 7610
2096 2513
2097 4684
2097 7562
2099 2109
2100 9706
2101 4047
2102 8129
2103 4988
2111 621
2118 2879
2119 2162
2120 1772
2120 3331
2122 3107
2122 6176
2123 3190
2125 4719
2126 8481
2128 4004
2130 3093
2130 9143
2132 4810
2134 3703
2134 1337
2135 3274
2140 601
2140 1902
2141 6489
2143 7423
2146 1073
2152 9265
2154 219
2163 1465
2166 7745
2166 87
2167 6090
2169 510
2171 5263
2172 3176
2172 86
2174 9887
2175 3171
2175 9836
2176 8982
2177 5327
2184 5784
2184 1024
2187 2560
2188 4625
2190 5108
2191 9318
2194 3449
2195 7050
2195 9672
2196 1062
2197 5986
2197 9533
2197 9481
2208 6686
2209 5874
2210 2148
2212 8447
2214 235
2218 4561
2218 5182
2219 7400
2221 1212
2224 9296
2224 8745
2226 1979
2229 9396
2231 6277
2234 2387
2235 2597
2235 4830
2235 499
2238 667
2239 9595
2240 6709
2241 6058
2244 8204
2244 8939
2246 8723
2254 1662
2260 3515
2263 9988
2267 4494
2267 183
2267 4955
2268 3244
2276 4291
2277 4625
2278 1273
2279 280
2279 4808
2282 88
2284 4388
2285 4636
2287 4229
2288 3977
2289 5878
2292 9789
2294 6914
2295 3990
2297 7074
2298 7833
2301 8511
2301 6140
2302 1493
2304 4958
2305 2124
2306 2262
2306 2182
2306 7167
2309 7590
2309 5893
2313 4298
2316 8965
2317 9859
2317 4089
2317 2239
2318 2672
2319 7151
2319 8649
2323 4854
2324 2977
2325 4854
2325 5543
2328 2972
2328 4253
2328 1606
2330 5591
2335 4008
2335 7657
2335 1845
2336 2654
2338 9735
2339 1763
2340 8213
2343 409
2345 3346
2347 5708
2347 9802
2348 4227
2350 1360
2350 8346
2350 8822
2352 3332
2355 6148
2356 5544
2358 5719
2358 7403
2361 6499
2364 3700
2365 33
2366 3335
2366 2641
2367 7548
2376 445
2378 4341
2380 1058
2383 7239
2385 1530
2386 6641
2387 239
2389 2811
2390 2575
2391 3259
2394 6986
2394 6848
2395 1085
2396 5650
2396 5086
2396 3769
2405 3055
2405 1807
2408 8620
2409 6872
2410 6899
2417 3052
2417 7366
2422 6823
2423 9359
2424 7964
2427 1843
2428 8249
2431 7325
2431 7663
2432 6276
2432 9439
2432 451
2432 2471
2434 9933
2434 940
2435 4649
2440 4163
2440 2942
2443 4770
2448 5261
2449 2909
2449 4841
2450 1187
2452 9084
2453 153
2455 707
2456 1115
2459 1736
2459 9403
2460 7359
2465 2410
2467 9715
2467 572
2468 3366
2474 7513
2474 5410
2475 3789
2477 8807
2478 5840
2478 5153
2479 1501
2479 5224
2480 3389
2481 9415
2482 2634
2485 8308
2490 3931
2491 8286
2491 3289
2492 2091
2497 849
2499 8719
2502 9569
2503 7384
2507 491
2509 2699
2509 9431
2511 397
2514 3763
2516 8716
2519 5735
2520 9299
2524 3690
2526 7642
2535 3456
2538 8253
2540 3068
2540 9026
2545 5328
2545 2415
2547 6867
2550 30
2559 8335
2559 7099
2560 6877
2560 198
2560 5777
2561 6061
2562 1745
2565 8477
2569 5922
2570 1862
2573 2641
2575 6449
2575 8135
2576 728
2580 5243
2582 3354
2586 2037
2588 5347
2590 6178
2590 2414
2592 1770
2592 5273
2592 4157
2592 11
2600 3156
2600 5969
2600 4466
2601 8547
2602 3626
2606 7873
2608 1077
2613 3927
2613 6922
2617 4554
2619 2460
2622 9021
2630 8419
2630 9173
2630 7852
2632 7133
2633 9168
2633 55
2633 2586
2641 7370
2641 2954
2642 3666
2646 1740
2647 3463
2648 3210
2649 9194
2652 5195
2652 3538
2653 4518
2653 7570
2654 9399
2657 50
2658 5470
2662 8945
2662 5138
2667 8803
2669 5730
2671 1921
2673 1779
2674 6826
2676 1982
2681 5842
2681 3314
2685 3178
2687 49
2687 4880
2689 104
2692 6665
2693 733
2695 788
2696 3790
2700 4531
2700 3894
2703 4777
2708 2602
2714 3369
2716 5198
2716 7898
2717 6358
2719 9268
2719 5659
2720 9050
2720 3056
2723 834
2724 9443
2730 3429
2731 3701
2731 1638
2736 2331
2737 6129
2739 9981
2743 3227
2743 3501
2743 1595
2745 6527
2745 3759
2746 6133
2746 6005
2748 5354
2748 2428
2751 1680
2751 3235
2751 1080
2752 6947
2753 9802
2755 7480
2756 1218
2765 8726
2767 588
2769 4497
2770 4121
2772 9276
2774 3410
2776 9989
2776 7062
2780 4100
2784 3593
2786 4583
2788 7006
2788 2872
2792 2045
2794 2643
2799 6591
2800 880
2806 2917
2806 2122
2808 4235
2809 3440
2810 334
2811 4501
2812 1985
2812 4768
2816 4952
2823 300
2824 2850
2826 4036
2826 2675
2827 9289
2830 1227
2835 377
2837 5214
2838 4066
2838 6139
2839 6067
2841 3953
2846 5103
2848 1860
2848 3103
2848 8960
2849 1141
2852 9417
2854 4419
2857 3107
2859 4109
2861 354
2863 2181
2864 9567
2865 1553
2868 3403
2869 3399
2872 7246
2873 4423
2875 6154
2878 9401
2881 4212
2882 5805
2886 9380
2886 6667
2887 1212
2889 8686
2889 1275
2889 5401
2890 1123
2893 7847
2893 488
2895 3645
2899 9821
2901 2792
2902 872
2906 7514
2906 3941
2910 9203
2914 7776
2914 5817
2915 9680
2915 528
2922 1009
2937 3392
2937 5486
2939 7003
2940 181
2945 8423
2946 2531
2948 4071
2948 6729
2949 1656
2949 1
2950 2961
2953 5188
2953 9887
2955 190
2956 1056
2957 9049
2963 1055
2966 3823
2972 784
2973 9480
2978 2855
2980 358
2981 216
2985 8285
2986 8057
2987 3945
2992 8463
2994 8107
2994 4963
2997 4690
2998 2790
3001 3945
3003 8956
3004 1558
3005 748
3006 8572
3007 7958
3015 2712
3021 4753
3022 1675
3022 562
3026 3953
3026 579
3027 3010
3040 5952
3042 2099
3048 8674
3050 4002
3051 8575
3057 9958
3058 996
3061 9740
3062 8838
3066 9878
3068 1025
3071 8402
3072 6443
3074 4838
3075 9665
3082 1695
3084 9505
3086 2833
3086 4571
3089 9906
3092 1950
3096 7763
3096 323
3097 2092
3101 5331
3105 4475
3105 2945
3106 3575
3110 217
3114 7118
3114 6480
3116 4643
3117 3632
3117 1839
3120 3734
3120 2198
3121 7493
3121 2082
3121 5362
3121 8278
3126 6038
3127 8833
3130 7575
3130 7786
3130 3400
3135 7273
3138 5974
3139 1861
3142 5995
3142 7279
3143 6602
3148 1306
3149 3057
3149 8665
3150 4921
3150 7431
3150 893
3151 3308
3152 1348
3152 5854
3152 5352
3155 4951
3155 5560
3160 7351
3165 8385
3171 4445
3174 6317
3189 6504
3190 883
3190 6318
3192 4725
3193 2324
3194 4048
3195 8490
3202 4491
3204 4332
3204 3415
3206 5175
3208 556
3209 765
3211 1207
3213 8437
3214 8667
3216 6328
3217 1572
3219 8497
3222 1421
3225 9069
3227 2404
3227 1078
3229 5821
3232 1631
3232 1069
3232 5987
3233 3416
3233 3075
3234 2663
3236 2050
3241 8749
3245 6721
3248 5277
3257 9907
3264 4377
3265 9609
3268 9287
3270 210
3271 2405
3273 6657
3274 8449
3274 9792
3276 4258
3277 1129
3278 2140
3279 4100
3284 9569
3288 9477
3291 6982
3292 4542
3292 8384
3297 9617
3298 1937
3300 2265
3302 7516
3303 7119
3304 500
3304 8575
3306 6316
3311 442
3313 4217
3316 1910
3316 4232
3317 1763
3317 7805
3323 2644
3325 1321
3327 9078
3330 1734
3331 9209
3335 6554
3336 6497
3336 1240
3339 4262
3339 6526
3340 5697
3341 7946
3343 8287
3346 7369
3351 3900
3356 487
3357 4597
3361 3049
3365 2334
3366 833
3368 6443
3371 2326
3375 2373
3376 1546
3377 4572
3378 4413
3378 3031
3380 8599
3380 6647
3382 6567
3384 7549
3385 2303
3386 6425
3390 3298
3390 4384
3391 47
3392 2119
3393 5915
3395 9638
3396 2263
3405 7939
3406 6556
3406 1342
3408 7610
3408 9317
3408 5534
3410 4567
3411 3024
3418 9592
3418 4717
3422 5917
3424 6794
3427 9952
3427 5575
3429 2553
3429 3470
3430 7091
3430 5007
3432 9142
3432 5946
3434 6496
3437 2862
3437 2786
3442 5558
3443 5267
3446 939
3450 3779
3450 1233
3451 9181
3453 1749
3453 3503
3454 985
3455 3763
3459 8060
3462 8852
3464 2463
3470 9532
3474 8612
3476 8519
3476 2490
3477 3083
3479 5663
3479 4833
3481 8439
3483 6243
3484 95
3490 2472
3495 6639
3496 2649
3497 9952
3501 721
3501 9411
3509 7171
3512 2580
3513 2337
3519 5564
3521 6307
3521 7316
3523 6397
3525 5240
3532 160
3535 8179
3537 8594
3537 515
3538 9683
3539 2070
3541 8443
3542 3475
3543 1106
3544 8277
3545 5921
3547 1677
3551 1032
3556 4983
3559 9135
3559 2851
3561 6268
3562 8025
3562 732
3563 3903
3566 2178
3567 362
3569 5655
3570 3274
3572 7212
3573 6655
3573 6143
3575 9636
3576 3299
3578 5065
3578 8771
3579 6597
3580 6405
3580 7160
3581 4085
3584 8470
3588 5523
3589 269
3594 3114
3595 2785
3596 4035
3596 7431
3596 4844
3598 2903
3601 4376
3602 628
3603 9850
3606 3732
3610 7081
3612 4090
3614 3254
3615 6340
3617 5577
3619 4510
3622 6457
3627 35
3628 3476
3629 9816
3629 6819
3630 8915
3630 4233
3630 9439
3630 2277
3631 9583
3633 5057
3636 9552
3636 7297
3636 3817
3639 2397
3641 9273
3642 5898
3646 6466
3646 1671
3649 2302
3650 4987
3650 666
3651 1867
3653 6087
3656 1195
3656 2492
3657 8994
3658 7706
3660 1153
3663 4918
3664 4190
3667 488
3668 8434
3668 3469
3671 9608
3671 5951
3672 5317
3672 7627
3673 7205
3675 8322
3676 2910
3680 8868
3681 2824
3681 4831
3682 7898
3682 3964
3683 5041
3683 8739
3684 3842
3685 9919
3686 2041
3686 7868
3686 1948
3690 9859
3697 7511
3702 1373
3703 6581
3706 9577
3708 6726
3710 1589
3716 6605
3717 68
3720 5427
3723 4209
3724 3629
3724 6118
3725 9005
3725 6764
3727 7011
3728 4621
3728 2708
3730 9429
3733 6532
3734 9280
3737 5756
3739 8555
3740 8556
3742 1556
3743 6073
3746 9589
3746 2472
3746 6389
3749 2176
3751 5689
3752 9214
3753 526
3756 658
3757 9553
3758 9359
3761 3762
3762 2066
3762 762
3764 4334
3767 8297
3767 9901
3769 3485
3770 8313
3775 9861
3782 2159
3782 6261
3784 6515
3786 5541
3787 8783
3787 2265
3789 9345
3790 4271
3791 3021
3791 3370
3792 8407
3795 3697
3798 1503
3799 1326
3801 4430
3801 9869
3804 4162
3805 8358
3807 3192
3809 7081
3809 7369
3811 5705
3811 958
3812 7652
3813 7075
3814 310
3814 2559
3814 5288
3816 9411
3818 6727
3820 6852
3820 8681
3826 8761
3829 4905
3833 6522
3837 3334
3837 8561
3841 5964
3844 9628
3845 3295
3849 8580
3851 9516
3852 3285
3852 7258
3858 1615
3862 5805
3863 3793
3863 2752
3869 1097
3869 6373
3871 2784
3872 5761
3874 6995
3878 86
3879 2630
3881 3453
3882 1902
3883 4028
3883 4015
3884 5567
3885 8503
3887 7176
3887 1468
3887 3227
3888 921
3890 6474
3893 555
3894 6623
3895 2509
3896 7333
3896 9078
3897 836
3897 719
3900 3397
3902 2699
3903 5568
3904 9818
3904 3287
3905 5004
3906 1170
3907 9435
3912 2344
3915 4018
3917 8473
3920 4584
3922 5313
3923 4630
3927 3498
3929 581
3929 2163
3932 1291
3932 432
3932 9462
3934 883
3936 9897
3937 1484
3938 4061
3939 6783
3942 4666
3947 9128
3947 3470
3949 5348
3950 3021
3950 8483
3955 2037
3956 8947
3958 5152
3960 2204
3962 3543
3964 8181
3968 2477
3969 9584
3969 5338
3970 659
3974 3583
3974 4594
3977 9357
3977 792
3979 2990
3980 2279
3981 9322
3981 3422
3982 1796
3985 7476
3988 603
3989 7562
3990 5475
3992 5188
3994 4139
3996 5919
3996 3555
3997 9506
3998 2384
4000 4123
4006 92
4006 8347
4007 4914
4008 9531
4010 1501
4011 2701
4013 1869
4015 6903
4016 7199
4017 7609
4022 7823
4024 9278
4028 3237
4029 3450
4031 3990
4039 9398
4044 968
4046 588
4046 3628
4050 9638
4050 5886
4053 6283
4055 7599
4057 6973
4058 5657
4060 6913
4066 9290
4067 7160
4067 6797
4070 4538
4073 567
4076 2301
4076 310
4077 8412
4079 6889
4082 9388
4083 4014
4086 4207
4087 3165
4096 9163
4103 832
4104 2378
4106 570
4106 4710
4111 2155
4111 2929
4112 4650
4116 9144
4118 1259
4118 3896
4119 6109
4120 3151
4120 6377
4124 160
4126 9089
4128 5050
4128 3716
4133 574
4133 2861
4133 8160
4134 13
4135 7777
4135 6276
4138 5988
4139 1997
4139 4839
4140 8869
4140 7587
4140 3755
4143 8132
4147 547
4148 8583
4148 9948
4151 134
4159 8135
4162 3350
4162 6848
4165 5489
4166 9952
4166 5878
4168 1659
4169 8133
4169 1992
4172 2415
4173 7515
4174 2146
4174 9796
4175 2901
4178 7781
4178 4389
4179 3026
4180 4502
4181 9429
4186 8257
4188 995
4191 1230
4193 2180
4193 7931
4193 4627
4196 2959
4202 8992
4202 4215
4204 386
4208 3214
4209 7921
4210 4256
4213 1064
4213 4616
4214 1422
4217 9729
4217 1198
4220 9413
4221 8633
4221 4459
4226 4808
4227 1448
4230 1306
4231 890
4232 9057
4232 2281
4236 9363
4236 1472
4238 4232
4239 9584
4239 841
4239 4056
4241 8066
4247 3312
4248 3976
4251 2678
4252 5685
4253 9840
4256 1742
4257 2254
4258 4350
4260 6775
4260 2234
4262 1011
4269 472
4271 3251
4271 5950
4271 4728
4275 6379
4278 7830
4283 7617
4283 1009
4286 8097
4288 9649
4289 7432
4292 1572
4297 7936
4297 4178
4298 8631
4301 1454
4304 2420
4306 7710
4306 5630
4306 8925
4310 4927
4319 2136
4321 1267
4322 7885
4322 4155
4324 7136
4324 8605
4326 8761
4327 3783
4327 1267
4327 4305
4328 463
4331 5796
4331 462
4333 5461
4334 1145
4336 1515
4337 8431
4339 6950
4340 19
4340 1987
4341 7388
4352 2922
4353 1244
4353 7449
4359 3444
4367 1322
4369 3727
4373 103
4378 2116
4379 3405
4381 4225
4382 3603
4382 2170
4383 3276
4383 384
4384 6695
4385 6118
4388 8375
4389 5088
4390 7601
4392 8875
4397 1309
4400 2189
4401 4808
4402 4666
4407 8274
4407 9469
4407 7601
4411 6113
4414 4053
4414 2698
4414 8374
4416 1104
4416 6932
4417 3077
4418 2736
4420 9893
4421 8950
4422 9371
4423 5092
4425 528
4428 5200
4430 6734
4430 4761
4431 9625
4434 3
4434 1378
4435 628
4435 1833
4435 4589
4439 296
4440 6874
4442 487
4450 5878
4451 8411
4454 9479
4455 6777
4455 1003
4457 6062
4459 9201
4462 8268
4463 7471
4465 3694
4469 5443
4471 759
4472 5471
4473 5274
4475 2890
4480 8936
4482 611
4485 6921
4487 8411
4487 2784
4489 6749
4490 6748
4493 6562
4497 8731
4498 3474
4499 1946
4500 157
4502 6975
4502 6524
4508 945
4510 2018
4511 2728
4512 5860
4512 820
4513 9065
4516 5198
4520 2314
4522 8173
4523 9
4525 8771
4528 7254
4529 9522
4533 4221
4534 3906
4537 4340
4546 9338
4550 2801
4551 7516
4555 2114
4555 6517
4556 2063
4558 1630
4563 9468
4564 5112
4565 1444
4566 5064
4568 6983
4569 9360
4578 6890
4580 6344
4580 6391
4584 926
4588 3120
4595 4332
4598 5555
4600 9474
4602 4491
4604 9603
4604 4561
4606 8365
4607 5957
4609 5975
4610 6903
4611 3889
4612 7779
4617 4456
4617 9071
4619 4100
4623 1268
4623 5986
4623 5498
4627 4405
4631 6931
4632 7791
4635 7542
4642 9855
4644 7560
4648 1350
4649 8538
4649 6144
4650 8092
4652 2784
4652 2849
4653 4924
4656 7057
4657 2304
4659 4897
4664 4944
4668 9751
4669 5860
4670 5051
4674 3335
4674 7097
4679 9591
4680 1846
4682 7960
4683 6489
4685 8020
4687 7438
4687 9091
4687 113
4688 3122
4689 4149
4689 8608
4692 770
4699 3257
4703 8927
4705 7099
4707 9645
4709 2279
4710 2033
4712 4243
4715 187
4715 4255
4716 1034
4717 9790
4718 4051
4729 9359
4730 4928
4731 9949
4731 318
4733 4321
4736 8881
4738 2472
4741 4828
4742 8548
4747 9584
4747 3796
4750 9032
4754 6585
4758 5408
4760 6503
4762 4804
4763 2117
4764 4641
4764 4983
4764 3171
4765 5420
4767 7923
4769 8275
4771 587
4771 7383
4771 4056
4772 3898
4773 1443
4774 4710
4774 5169
4775 2503
4776 1244
4778 9413
4782 7873
4783 2179
4784 6552
4788 8239
4791 5014
4800 2390
4802 225
4803 8136
4804 4270
4808 9413
4809 2465
4809 9591
4811 8597
4815 4410
4815 3423
4815 3195
4817 4325
4817 8746
4818 782
4822 3779
4823 9386
4826 9798
4831 5141
4831 7967
4833 3339
4834 5649
4842 7740
4843 8931
4844 7688
4848 8482
4848 8501
4851 7394
4851 3787
4851 8296
4852 2695
4855 1310
4856 5534
4857 974
4858 3698
4860 3328
4861 3543
4866 8891
4867 6732
4868 9293
4868 5946
4870 8372
4872 6914
4872 889
4873 1589
4876 1738
4876 6161
4876 2452
4877 4597
4879 5159
4882 6964
4883 7770
4885 4566
4890 5202
4890 1478
4890 3821
4894 7764
4895 5329
4897 5477
4899 3480
4900 4737
4901 1098
4903 1183
4907 424
4907 6335
4908 1672
4912 8780
4913 1343
4913 925
4915 844
4917 5724
4917 9046
4919 3916
4923 2533
4928 13
4930 9667
4930 5326
4931 2046
4933 1534
4937 7515
4939 3930
4942 1254
4952 443
4952 5445
4952 369
4955 8394
4957 7388
4958 4891
4961 9000
4962 8190
4965 5904
4968 2468
4972 6538
4973 8331
4977 9691
4979 8146
4980 6357
4981 6525
4985 2700
4986 7345
4991 9171
4994 8468
4995 3402
4996 9941
5002 1415
5004 2530
5005 1688
5009 2524
5013 2269
5017 3331
5020 1353
5021 1693
5022 815
5022 8563
5024 3245
5027 4484
5028 1038
5028 4101
5028 875
5029 5702
5031 3311
5033 1841
5035 5979
5042 7899
5042 6333
5044 1707
5044 9504
5046 675
5048 7306
5048 2594
5048 728
5051 2894
5051 453
5053 8776
5054 6937
5055 7298
5065 8761
5065 560
5068 1733
5071 8344
5072 6539
5072 4734
5075 6468
5076 4197
5078 3116
5081 387
5082 5961
5084 660
5089 7341
5090 5812
5093 116
5094 2300
5094 6829
5096 9165
5097 8543
5098 7188
5099 5703
5110 2942
5113 7925
5114 2542
5117 5261
5123 943
5124 1870
5128 1966
5129 3488
5132 5794
5132 4816
5135 8715
5136 5547
5136 2153
5139 4491
5147 5846
5150 6628
5152 8014
5152 1901
5152 811
5153 5710
5157 1352
5159 9197
5160 5654
5160 6257
5161 4178
5162 9097
5164 4945
5165 6788
5167 6522
5168 9939
5168 9417
5172 9942
5173 5981
5175 6629
5175 4491
5177 2023
5185 7320
5186 299
5186 1616
5186 1597
5186 9521
5189 8774
5190 5484
5192 2269
5192 2067
5193 6695
5200 6676
5205 4877
5210 9209
5212 4498
5215 5955
5217 4316
5225 8753
5228 2199
5230 6850
5234 580
5236 5688
5236 7557
5236 7369
5239 9944
5243 9446
5245 7503
5246 3859
5247 9310
5247 1709
5251 9616
5255 7926
5255 3327
5256 7312
5257 2223
5257 451
5259 8412
5261 3967
5263 8217
5264 3333
5268 9702
5270 7539
5273 933
5276 5196
5277 5594
5285 9312
5286 4959
5290 7433
5290 5670
5291 9717
5292 162
5294 3091
5298 7265
5300 5819
5301 5997
5301 7524
5306 6925
5306 2927
5307 7338
5314 9049
5314 1195
5315 8734
5315 4605
5316 7754
5319 3944
5322 9816
5330 8852
5331 5192
5335 5969
5343 788
5344 7844
5348 2524
5348 26
5350 8427
5350 3982
5356 3759
5359 6841
5362 1547
5367 1924
5369 3359
5370 980
5372 3549
5375 4266
5375 5652
5381 2252
5383 8331
5387 4471
5387 357
5388 8414
5390 9517
5391 3474
5393 878
5395 1744
5399 132
5402 5851
5406 1201
5406 8382
5408 89
5414 7885
5423 6230
5423 3712
5424 8199
5426 5322
5427 5301
5429 8637
5430 3135
5431 5636
5431 1890
5434 3993
5436 1358
5438 6613
5439 427
5450 7196
5451 2817
5454 6610
5458 5330
5459 1288
5461 5858
5467 4259
5472 1453
5473 868
5474 8436
5475 229
5475 2869
5475 2950
5476 7775
5476 527
5477 4275
5478 4237
5479 5802
5483 7366
5486 1901
5486 7157
5487 1852
5490 1425
5493 39
5496 3171
5499 9220
5500 3642
5503 778
5503 5208
5503 8663
5506 6396
5506 3044
5506 2282
5510 1167
5510 7684
5512 9358
5512 4228
5513 4774
5514 9295
5518 7905
5519 8782
5519 9625
5522 13
5522 3697
5522 1369
5523 4682
5525 3719
5528 425
5530 928
5530 9393
5535 4653
5537 7366
5537 6865
5539 9114
5540 5418
5541 4884
5542 6058
5545 1919
5545 5973
5550 6777
5554 6405
5555 6783
5555 3691
5558 2311
5558 6277
5564 9273
5564 279
5564 4849
5565 817
5569 6853
5570 4915
5570 2486
5572 5823
5572 2748
5573 6113
5577 860
5577 8616
5578 4549
5581 7160
5586 8490
5589 6082
5589 8217
5592 8145
5593 7993
5594 3194
5598 1595
5602 4297
5613 5673
5615 1447
5615 8976
5618 7328
5618 6129
5619 4941
5619 9419
5621 5856
5622 5144
5623 3477
5623 4363
5624 4296
5625 6074
5629 8332
5630 8335
5631 483
5632 751
5633 9064
5634 766
5635 187
5636 7588
5640 2691
5640 6248
5642 7237
5649 4965
5654 2477
5654 3026
5656 4781
5656 9196
5660 9255
5666 7088
5668 7989
5669 7842
5672 4891
5673 4971
5675 4749
5676 2918
5676 1328
5677 4431
5677 6156
5677 2421
5679 2808
5680 351
5686 7721
5687 4051
5688 555
5693 3989
5693 9284
5698 5833
5701 2035
5702 6611
5704 7926
5705 9238
5709 9111
5714 1471
5718 1930
5719 3551
5719 4824
5720 2532
5720 9615
5726 7334
5727 1840
5727 7581
5729 6957
5732 2062
5734 4307
5737 8228
5738 4907
5739 8325
5744 8972
5745 4101
5745 1325
5748 4522
5750 3423
5750 8907
5751 3862
5754 2125
5755 1620
5756 1114
5762 3770
5766 3580
5766 9180
5767 555
5771 8448
5772 2887
5775 3510
5775 3826
5776 8984
5785 4010
5790 8512
5794 1378
5796 6577
5799 6792
5801 6698
5804 3813
5806 5035
5806 8653
5806 7018
5810 7833
5815 1818
5817 72
5817 1915
5818 2591
5818 6282
5822 5668
5822 2526
5824 9999
5828 3739
5831 658
5832 9101
5832 9050
5832 1864
5833 2686
5833 9607
5834 3033
5835 2931
5836 5983
5836 2275
5837 9027
5841 945
5842 715
5843 7002
5845 8766
5847 1842
5850 8118
5850 4077
5854 7939
5855 6410
5856 8671
5857 6768
5862 8403
5864 2049
5865 1516
5868 9417
5869 8296
5872 2654
5874 7059
5875 8062
5881 4106
5882 6136
5884 9854
5885 4464
5885 7596
5887 3498
5891 7261
5892 9381
5895 2810
5896 8622
5897 7129
5898 9353
5899 4177
5900 8813
5901 1028
5901 7952
5902 3981
5902 8304
5903 5618
5903 8219
5903 5287
5905 595
5906 7404
5908 4572
5908 2417
5912 4089
5912 4979
5918 8978
5919 4501
5922 1322
5926 7981
5927 5336
5931 769
5933 6709
5933 7028
5934 223
5936 7776
5936 6712
5937 3711
5937 3234
5947 476
5949 8157
5951 1066
5954 4238
5956 8549
5957 464
5959 9551
5959 5890
5960 6897
5963 1233
5966 6662
5966 4401
5967 4645
5968 6171
5982 7780
5983 8958
5985 4570
5992 8904
5995 6162
6001 9879
6003 2570
6009 3382
6009 5298
6012 2526
6013 3797
6015 7046
6019 8479
6020 9873
6020 9713
6022 4482
6022 5420
6023 1903
6024 758
6024 4037
6025 3787
6026 2018
6027 7679
6027 4234
6033 8556
6034 1519
6037 9318
6037 9063
6039 2476
6041 460
6041 9821
6041 6985
6043 2815
6043 3539
6045 8279
6046 9736
6046 5290
6047 6373
6047 6353
6048 9641
6049 7154
6049 8973
6050 2602
6052 3993
6054 9933
6056 232
6059 6510
6060 721
6065 9912
6065 5450
6066 3489
6072 861
6074 7506
6079 6270
6080 5310
6080 5439
6083 8193
6087 9374
6088 9813
6089 2995
6089 6439
6089 7787
6089 3828
6091 5625
6095 5691
6095 4072
6095 7321
6097 9606
6104 6728
6105 6860
6106 9155
6107 3603
6113 2051
6117 4985
6118 8429
6118 8632
6119 6873
6120 7056
6121 4584
6122 3211
6125 8150
6126 4694
6129 1169
6130 5191
6132 4502
6135 7332
6138 2140
6140 5986
6142 9506
6145 5317
6153 6339
6154 9135
6157 218
6158 9185
6162 3807
6162 6550
6167 8747
6167 7737
6169 3456
6171 7471
6172 4785
6172 1130
6178 7137
6178 1612
6179 7783
6180 8944
6184 2567
6186 1945
6186 4620
6189 2658
6189 2313
6191 6160
6195 1982
6196 9912
6199 5476
6199 6085
6199 6246
6203 1248
6206 8057
6206 7547
6207 3488
6212 8786
6218 3654
6219 8832
6221 6792
6224 9042
6226 6753
6229 4993
6231 9719
6233 5855
6233 8148
6233 1649
6233 8811
6235 4452
6237 1651
6240 2354
6240 4820
6244 3106
6245 214
6249 3982
6250 3948
6251 7394
6255 3249
6257 1043
6257 3038
6261 4136
6263 1281
6265 443
6265 4286
6266 620
6268 783
6269 3213
6270 29
6271 2476
6271 4421
6274 8197
6277 963
6277 384
6280 6480
6284 8217
6284 7445
6296 4104
6298 1981
6299 244
6300 7041
6300 9268
6300 9348
6308 1029
6315 2060
6316 3465
6317 4277
6317 5731
6318 4935
6321 1719
6324 9242
6325 6126
6327 4525
6330 219
6331 4292
6331 7672
6332 7747
6336 1951
6336 2357
6338 9548
6339 2834
6340 9150
6341 9016
6345 4448
6347 7205
6356 6998
6358 9726
6359 3872
6360 2767
6362 3767
6365 6471
6366 2237
6366 8771
6367 4049
6371 6193
6375 7690
6377 9181
6378 5452
6380 6850
6381 2183
6381 3133
6385 4824
6387 4428
6393 2749
6397 8087
6397 7956
6402 3270
6402 4999
6406 2226
6408 5466
6408 8635
6408 7795
6412 4434
6413 4989
6414 2600
6414 307
6418 7138
6421 6253
6421 2640
6422 1642
6424 5235
6427 4692
6433 3343
6439 6537
6448 3123
6448 4791
6452 2203
6452 6962
6454 7074
6459 8348
6460 7490
6461 7634
6462 6733
6467 7983
6468 7742
6468 6945
6469 1382
6477 8946
6480 7064
6484 4843
6484 618
6487 3201
6490 2646
6493 6941
6494 2301
6497 4976
6498 8951
6504 6719
6509 4017
6511 3982
6511 1690
6515 5549
6515 4630
6517 8185
6518 1336
6518 6336
6521 1300
6521 75
6523 316
6525 400
6527 3540
6527 8920
6529 5772
6531 6588
6535 1175
6536 1169
6536 3552
6538 323
6544 9324
6546 7567
6550 6768
6553 6855
6556 772
6556 4789
6556 1004
6557 1351
6560 1249
6564 2164
6568 8686
6572 8538
6573 8878
6574 5529
6575 2765
6577 5492
6584 6463
6585 9820
6586 7839
6590 5012
6591 7233
6591 5529
6592 7790
6600 5096
6604 6135
6608 8386
6610 5095
6610 1412
6611 3637
6612 8376
6613 2433
6614 4650
6615 5264
6615 9200
6615 6948
6618 5391
6619 7772
6622 5519
6623 4747
6623 3563
6625 194
6629 4576
6630 3539
6636 5422
6639 814
6639 9057
6640 1984
6640 7547
6648 3097
6652 9807
6656 5447
6658 2972
6659 4392
6661 5713
6665 2802
6667 7300
6670 1120
6672 4649
6673 4638
6682 9080
6683 3307
6688 7267
6688 6470
6692 4139
6699 6484
6701 4195
6701 6264
6703 6889
6706 3817
6706 4255
6708 4197
6710 8986
6712 9657
6712 893
6714 4722
6716 9729
6718 1884
6721 7901
6722 6060
6722 8552
6723 9665
6724 5793
6728 6483
6728 6275
6729 422
6735 7101
6741 879
6746 4354
6750 8857
6752 5460
6759 7245
6762 4002
6762 1047
6763 8753
6763 6212
6769 3392
6769 505
6769 5975
6770 7450
6773 1437
6773 1776
6774 7798
6783 5018
6787 8391
6791 4013
6792 1302
6793 707
6794 756
6800 9977
6801 6688
6802 1412
6804 6333
6808 7181
6810 8681
6812 8054
6814 8143
6817 2930
6819 9899
6819 7187
6819 8968
6826 5464
6829 1826
6836 3384
6837 238
6839 7179
6843 1636
6845 5299
6846 7124
6846 120
6847 8182
6847 8248
6848 6242
6848 68
6849 4046
6852 7890
6854 7319
6855 8369
6855 1910
6855 7615
6866 4992
6868 4491
6870 7650
6870 9801
6874 1810
6877 2820
6878 1783
6879 2836
6884 170
6885 373
6887 7808
6888 369
6892 1922
6896 122
6898 5840
6898 8685
6898 7333
6899 371
6900 4733
6900 3018
6903 5658
6904 5527
6905 4711
6908 8757
6908 8970
6910 6912
6910 6378
6911 381
6912 6445
6913 4083
6913 2718
6921 5732
6921 5104
6923 6212
6924 6582
6925 4648
6925 8474
6927 7658
6929 9579
6931 1686
6931 5051
6933 6798
6934 4150
6935 735
6938 2763
6938 4648
6938 7057
6940 4960
6947 4456
6952 7380
6953 3707
6953 3056
6954 9996
6955 4205
6956 8903
6956 4065
6959 6752
6960 9136
6960 7708
6963 6493
6966 4694
6966 338
6972 4149
6974 1807
6975 5804
6975 3528
6978 2040
6978 7645
6981 1997
6982 2990
6984 9402
6986 6298
6987 1339
6988 207
6988 6903
6989 315
6991 490
6994 4621
6998 9279
7000 3529
7002 6382
7005 1092
7006 9679
7007 3886
7008 6559
7009 9551
7010 6396
7011 8985
7013 6981
7017 1629
7018 1329
7019 7595
7022 3889
7022 8502
7026 1598
7028 9034
7029 3263
7030 3917
7033 3321
7036 7991
7038 9046
7040 2506
7041 8519
7050 2922
7051 8907
7056 7764
7060 3806
7062 9120
7062 4761
7065 5225
7066 8308
7066 1530
7066 3725
7071 4829
7071 2540
7073 8457
7078 991
7078 8357
7081 3812
7081 977
7084 1452
7085 8580
7088 1827
7094 6514
7094 8397
7095 6374
7096 3783
7097 7584
7100 8596
7100 2569
7102 5082
7105 3118
7107 1126
7114 9356
7120 7566
7123 7306
7125 7457
7131 9422
7132 5993
7132 7029
7133 6812
7133 4533
7133 6282
7134 5626
7138 4703
7142 4102
7143 3088
7143 5695
7146 4626
7150 2377
7150 9041
7151 5175
7152 9539
7154 8291
7156 8086
7158 5176
7160 6588
7161 4130
7166 8572
7168 4173
7171 4702
7171 6903
7174 9128
7183 4539
7186 3981
7188 7602
7188 5531
7188 7361
7189 6956
7190 1220
7190 2254
7193 2868
7194 6965
7197 3496
7198 8622
7199 2587
7200 8003
7201 1473
7204 7903
7204 5240
7210 2840
7211 5304
7213 522
7213 6700
7214 3568
7217 9363
7218 9986
7224 3675
7225 2978
7226 9471
7227 797
7232 3666
7233 6976
7234 6548
7234 1561
7237 5826
7238 4503
7239 8692
7241 70
7241 163
7242 9721
7244 2361
7250 3753
7251 7790
7251 1813
7253 9865
7255 8551
7257 3735
7257 6800
7261 8743
7263 4804
7269 6257
7270 8872
7271 1286
7273 9198
7276 7291
7277 3049
7279 9507
7281 8984
7282 2944
7283 2033
7285 5704
7287 9791
7289 7430
7290 144
7295 7302
7297 3815
7299 305
7299 1336
7301 5830
7309 2051
7310 2205
7311 1997
7311 3333
7311 3023
7318 471
7318 8933
7321 3942
7329 2465
7329 3484
7331 6959
7335 6639
7336 7431
7336 4041
7337 4196
7338 3678
7338 3387
7340 4221
7340 2214
7341 1516
7341 4715
7347 7452
7350 3622
7354 8359
7354 8687
7354 9976
7368 3785
7368 5165
7368 6297
7368 4728
7371 4744
7372 2802
7373 2710
7375 6090
7377 4741
7380 520
7382 1223
7383 8924
7383 1901
7385 8521
7388 6371
7391 3856
7398 9783
7399 8684
7399 1438
7401 4989
7403 1093
7403 3348
7404 8136
7410 3939
7410 1483
7411 381
7411 333
7411 5581
7414 7995
7416 1700
7416 3512
7419 4501
7424 5274
7424 3453
7424 9343
7426 6788
7427 8136
7432 8532
7432 7180
7434 595
7434 5139
7435 8642
7437 567
7438 9349
7443 129
7451 8623
7451 1963
7452 8354
7453 6763
7455 8954
7455 3558
7457 5023
7461 4730
7461 5790
7462 6709
7463 8988
7473 8927
7474 2667
7477 6126
7477 2125
7478 1860
7478 8185
7479 4136
7482 364
7483 4339
7488 4105
7489 8919
7490 7441
7490 1629
7490 9191
7491 3935
7497 7795
7497 5105
7508 4035
7510 7592
7511 9511
7512 8491
7515 6409
7515 385
7524 7327
7525 3252
7526 7396
7527 9565
7528 9890
7530 6658
7531 15
7533 1020
7539 3157
7539 5353
7544 1144
7545 251
7546 8194
7547 9147
7551 5657
7553 4539
7553 1403
7553 4956
7554 9224
7555 7077
7559 2977
7561 3587
7562 4237
7563 4143
7565 9974
7567 7577
7569 1539
7578 2671
7584 4011
7588 5359
7594 6142
7597 1741
7599 9127
7599 7972
7600 9837
7600 5912
7602 6088
7602 8967
7604 2074
7606 7950
7606 8905
7607 7634
7611 2734
7614 4708
7616 1534
7618 3281
7620 4464
7623 349
7623 9170
7624 401
7625 911
7627 4789
7628 8319
7630 4545
7632 5794
7632 3149
7638 6365
7641 4422
7641 8527
7644 6464
7647 7387
7648 9187
7649 3152
7651 383
7654 3722
7655 3111
7656 2275
7659 464
7660 7743
7662 3380
7662 8257
7665 2273
7675 4812
7675 2496
7675 7715
7677 4318
7681 5193
7681 2267
7682 8936
7683 4588
7684 7278
7684 346
7684 9818
7688 4444
7690 7391
7690 6864
7692 4192
7694 8834
7700 476
7702 9718
7705 1033
7707 5475
7707 4476
7707 3333
7708 5642
7708 3354
7709 3262
7709 8216
7711 6508
7711 3162
7714 7158
7714 5456
7715 6476
7715 6893
7717 112
7719 19
7721 9872
7721 4806
7721 9383
7723 1794
7725 801
7728 3163
7728 8099
7729 8349
7729 2570
7735 1573
7740 7172
7741 1108
7741 1283
7743 2793
7746 1932
7748 9933
7748 2309
7751 7429
7753 3190
7755 6152
7758 4407
7758 8852
7758 6165
7760 9739
7761 2504
7767 4087
7772 2359
7777 4434
7778 8184
7782 8459
7784 5856
7784 4706
7784 546
7786 8139
7791 8521
7799 1611
7804 5769
7810 3287
7817 7070
7818 8182
7819 5029
7821 4311
7821 6273
7822 1141
7824 1480
7825 8249
7830 6923
7830 6438
7831 4872
7832 1136
7835 1067
7835 9164
7839 8060
7839 1975
7839 5569
7840 6635
7840 4551
7840 2160
7842 2883
7843 3356
7843 6957
7843 2993
7844 3948
7847 6238
7848 4175
7849 223
7849 8726
7849 6290
7850 9598
7851 5015
7853 669
7854 334
7855 3604
7856 1201
7857 8979
7857 3246
7858 7896
7859 308
7860 8853
7861 7879
7863 8318
7866 1672
7870 4656
7870 3093
7874 1140
7877 2731
7879 5346
7881 7887
7882 9888
7884 1261
7886 1743
7887 8034
7891 3090
7893 6637
7895 343
7895 1209
7898 8217
7899 5079
7900 5015
7900 1881
7901 858
7905 2865
7907 1380
7912 9986
7918 2129
7920 4187
7924 3384
7924 5839
7925 9993
7926 9319
7927 9267
7927 9894
7930 4173
7934 4668
7935 8942
7937 9964
7940 6706
7947 2558
7950 4298
7950 4027
7953 7098
7953 7050
7955 8837
7956 561
7959 5600
7960 5686
7962 2006
7963 9764
7966 8457
7968 4209
7969 5957
7970 6316
7972 8650
7973 6520
7974 7771
7974 4791
7975 5338
7978 2720
7979 1378
7980 9988
7980 1084
7983 9166
7984 8224
7986 7979
7990 1656
7992 7687
7992 5636
7999 4892
7999 3936
7999 5453
8001 6877
8002 6176
8003 6762
8007 4737
8009 360
8012 8960
8013 2345
8015 8707
8021 4563
8023 5903
8023 1275
8024 7278
8030 3899
8031 6384
8034 6629
8034 8775
8037 8307
8037 4685
8038 7621
8040 891
8041 9640
8041 7928
8043 1182
8046 4878
8046 3872
8047 1254
8052 9669
8054 2788
8057 8535
8058 5971
8062 255
8064 7919
8068 9316
8072 6905
8072 6618
8074 9205
8077 8810
8080 3771
8080 7990
8083 1595
8084 3896
8085 6935
8087 439
8088 7303
8097 4317
8097 5906
8101 2619
8103 1589
8104 1513
8105 5186
8105 508
8106 247
8107 8574
8111 5692
8117 5707
8118 614
8118 640
8124 1311
8124 7686
8125 3847
8126 229
8128 8521
8128 8142
8128 7682
8134 7723
8134 2625
8136 4831
8137 7282
8141 1326
8143 4227
8143 3228
8149 9748
8155 4460
8156 229
8160 2956
8162 1249
8162 4760
8167 4232
8168 6207
8169 9862
8170 4961
8172 3509
8180 362
8186 5546
8191 8431
8193 648
8198 7113
8205 9275
8205 3578
8205 7824
8211 6987
8211 9556
8212 8706
8214 2722
8215 9647
8215 8013
8215 7975
8216 8706
8216 7714
8217 3883
8217 972
8218 3683
8219 9970
8221 4494
8222 8544
8222 2204
8223 1481
8224 744
8224 2738
8226 7797
8227 6121
8228 3644
8229 9101
8231 4562
8232 999
8234 2428
8238 4114
8241 6694
8243 1661
8246 1207
8247 4163
8248 5740
8248 9639
8250 144
8255 9081
8256 3373
8257 1840
8259 7374
8260 3408
8262 8221
8263 9803
8265 8163
8265 2785
8272 837
8274 1396
8285 879
8286 7050
8292 424
8293 7739
8295 7594
8295 1511
8296 4487
8300 5999
8302 5526
8309 839
8309 4749
8310 2509
8312 1442
8313 2633
8314 5924
8315 5959
8317 4729
8318 7328
8318 6785
8318 8826
8318 981
8323 2728
8325 6006
8326 9444
8327 1581
8328 346
8329 2553
8330 5632
8332 4301
8336 5774
8336 7687
8336 9082
8338 9119
8338 6511
8340 9949
8344 1895
8348 6060
8349 3984
8352 707
8353 6841
8353 9445
8354 1967
8357 8360
8360 6961
8361 4627
8365 6094
8367 9905
8370 7034
8372 5480
8376 95
8379 3449
8379 7631
8380 6276
8382 7722
8382 5718
8383 32
8383 9595
8384 8034
8389 5163
8391 5831
8392 1203
8392 2920
8397 1150
8397 4421
8402 1985
8410 4362
8412 1255
8412 157
8415 8794
8421 8561
8427 1138
8428 4504
8429 9700
8429 5344
8430 4505
8431 8816
8432 7206
8433 5809
8433 5555
8435 4838
8439 3488
8440 5394
8440 6645
8443 5763
8456 8949
8456 3532
8456 4909
8460 565
8465 4149
8470 3619
8472 6294
8473 7495
8475 6836
8475 1340
8477 5526
8481 869
8481 2403
8481 7131
8482 9033
8482 2074
8486 2967
8487 8948
8489 2475
8492 5181
8495 207
8496 7863
8500 2332
8501 473
8506 9630
8506 3908
8508 8538
8508 6967
8509 4292
8509 5887
8515 9296
8530 679
8530 4231
8531 5275
8534 5077
8536 1544
8537 5910
8537 1987
8538 3389
8540 4704
8544 8864
8545 4005
8548 251
8548 2660
8549 3914
8551 5169
8552 6357
8555 9853
8557 5387
8557 8099
8557 1796
8559 275
8560 8681
8560 1040
8561 5841
8566 495
8566 6323
8568 8807
8569 8127
8572 5883
8573 5385
8578 8090
8579 8103
8586 1109
8588 6035
8589 3080
8590 4064
8595 8654
8601 2771
8602 418
8602 7561
8603 6453
8606 7291
8606 314
8607 6226
8609 2168
8610 470
8614 3989
8614 9904
8616 9473
8617 6611
8618 9592
8619 3388
8621 9981
8622 9679
8628 367
8628 2168
8629 7656
8631 5590
8632 9543
8633 8919
8637 7542
8643 7934
8644 3520
8647 9380
8647 870
8648 2912
8649 3304
8653 7226
8653 1330
8657 720
8657 5889
8661 8109
8664 2940
8665 9429
8666 3007
8673 7805
8674 4462
8674 6842
8678 2114
8681 6086
8683 8377
8683 2930
8684 160
8685 7342
8688 8534
8688 8114
8689 579
8690 5694
8691 2644
8691 1970
8697 5580
8697 4060
8698 5179
8699 8344
8700 6198
8700 8404
8702 5415
8703 6767
8705 8717
8705 8162
8706 7378
8708 1125
8709 5171
8710 1639
8711 8758
8713 8116
8713 3075
8716 2029
8719 2036
8724 2212
8725 9650
8732 6447
8735 6214
8736 1930
8738 9330
8742 1949
8742 4936
8744 6200
8747 5929
8748 5720
8749 8178
8751 3806
8751 3681
8752 1887
8753 356
8760 6673
8760 4740
8760 912
8761 7293
8761 1052
8765 4387
8765 6089
8765 8708
8767 2509
8768 9565
8769 5609
8769 6221
8770 3621
8775 4933
8777 1628
8778 8786
8779 6002
8779 2809
8782 9497
8784 1302
8785 2638
8788 3377
8789 4156
8794 4050
8794 7838
8795 5873
8795 4168
8795 5247
8797 8539
8798 1451
8798 3882
8798 8886
8800 756
8801 1357
8802 3151
8802 2144
8803 8045
8803 5139
8804 5779
8806 4025
8806 87
8806 1345
8807 7039
8808 2905
8811 6547
8811 344
8811 1206
8813 5892
8817 2279
8818 8100
8818 2520
8820 1840
8823 3387
8824 9109
8825 3403
8836 5916
8836 6776
8842 8971
8843 4705
8844 7167
8845 9958
8845 127
8848 5920
8850 6710
8851 3300
8852 6000
8852 8250
8853 8882
8853 9634
8855 1870
8856 841
8856 6521
8856 2946
8857 9337
8857 8043
8860 4680
8860 8044
8868 2449
8870 3336
8872 3879
8879 2235
8880 2702
8880 1084
8883 9463
8884 9728
8887 4318
8887 6944
8890 2070
8891 4328
8892 7865
8893 7807
8896 1113
8897 1106
8899 7853
8901 1430
8904 646
8905 6680
8905 7560
8906 8327
8908 2066
8908 5901
8909 8555
8910 2235
8911 893
8911 3475
8912 9852
8917 2216
8917 9381
8918 9972
8919 6443
8920 2521
8921 9819
8922 5454
8924 1799
8925 2752
8925 9266
8927 602
8930 8851
8933 4936
8933 9698
8938 2646
8939 8334
8941 3140
8943 1906
8946 3803
8948 3503
8951 3783
8951 6663
8954 256
8954 4871
8955 6063
8955 5750
8958 4755
8960 1752
8965 4299
8972 9010
8974 2964
8977 8120
8977 1250
8978 8756
8981 538
8982 8484
8982 9268
8983 1948
8986 3840
8987 2905
8990 2324
8991 4113
8992 8090
8994 6905
8998 8598
8998 1505
9000 6015
9001 7629
9002 1463
9002 1528
9003 8828
9005 5448
9009 7443
9010 5075
9010 5438
9012 400
9013 5393
9014 870
9014 2040
9017 9789
9020 1842
9021 4318
9022 9814
9024 8778
9026 8369
9029 149
9032 5630
9032 6196
9034 8063
9039 5688
9041 2000
9041 1847
9041 4269
9045 5713
9046 2633
9049 1379
9052 2673
9054 8911
9060 2167
9061 9580
9063 7722
9064 7826
9065 6680
9066 7240
9069 281
9069 7101
9069 1010
9072 7952
9074 6769
9077 3811
9077 7442
9078 4252
9078 3435
9079 2548
9082 2153
9085 4021
9089 9761
9091 7402
9094 3248
9095 2965
9097 3211
9097 8180
9098 9316
9102 5574
9103 5812
9104 6511
9107 5821
9114 4277
9121 8634
9122 1912
9123 456
9124 1512
9126 8644
9128 4749
9132 3804
9132 9776
9133 207
9133 7892
9135 7990
9135 6029
9136 7438
9136 5956
9137 8338
9140 1636
9142 507
9143 8704
9145 1322
9147 4415
9148 8902
9150 5361
9150 9571
9152 734
9157 5850
9159 4442
9162 5066
9164 430
9164 546
9165 825
9167 951
9168 2499
9168 422
9170 6498
9174 5981
9175 5425
9175 3000
9176 8535
9178 6916
9178 3811
9184 1700
9185 4437
9186 9773
9191 3037
9191 836
9192 1095
9199 5436
9201 7670
9201 5308
9205 627
9211 805
9217 7266
9217 3081
9219 2729
9221 6510
9224 7023
9225 6386
9226 4723
9227 54
9228 1719
9231 1442
9231 3549
9233 5118
9234 4063
9234 7454
9234 494
9235 3601
9237 7994
9241 2145
9243 5656
9243 6801
9243 7476
9251 4006
9254 8453
9255 5270
9264 6957
9267 385
9274 8487
9275 330
9275 2885
9279 2234
9282 1743
9284 5177
9287 7492
9287 1339
9288 3421
9288 4026
9289 7185
9290 7206
9290 4109
9293 5941
9294 3183
9296 5480
9299 1133
9299 6219
9300 1737
9303 1286
9303 504
9309 6900
9317 4320
9318 1235
9319 2118
9320 1671
9320 2912
9321 3122
9325 9835
9325 8458
9326 6369
9327 3155
9329 2924
9330 8783
9331 4742
9332 6481
9333 6665
9333 4967
9333 3333
9334 9707
9335 6813
9342 5420
9343 912
9348 3426
9348 3519
9349 9276
9355 9251
9356 9636
9357 1401
9358 7658
9359 8422
9361 3171
9361 6690
9364 8145
9364 4378
9365 3543
9366 3128
9367 7906
9368 6338
9370 6674
9370 8410
9371 4311
9379 6327
9380 8646
9380 9445
9381 2476
9382 6780
9382 8387
9384 5008
9384 9529
9386 2854
9387 4229
9390 8417
9390 228
9392 5418
9393 6488
9400 7915
9401 4181
9402 5277
9402 4433
9405 8204
9409 4305
9415 8
9416 5125
9417 99
9418 3432
9420 9336
9421 5406
9423 5447
9423 9561
9424 3821
9428 8702
9430 7617
9438 4627
9441 9328
9442 5120
9442 5987
9445 7817
9445 1785
9446 9454
9447 643
9453 5210
9455 1636
9456 9495
9458 3837
9460 4118
9470 682
9472 1409
9473 9338
9474 5556
9477 3675
9481 9044
9481 4616
9484 7816
9485 5026
9490 7763
9496 9689
9507 3231
9510 1994
9510 8913
9511 4066
9513 7258
9513 6209
9527 4086
9528 3944
9531 2395
9531 4061
9534 1391
9535 7365
9535 9821
9536 6736
9539 6367
9543 9782
9544 3547
9545 2691
9547 2113
9548 1558
9549 837
9552 7865
9552 422
9556 2896
9558 1442
9562 4044
9565 3571
9565 2499
9572 16
9573 3953
9578 6347
9579 5472
9580 4234
9580 3129
9582 7718
9582 3451
9583 6173
9588 9898
9588 2296
9590 6347
9590 9328
9593 5106
9594 5719
9598 263
9598 5449
9598 1288
9601 5805
9601 5132
9603 6115
9610 4524
9613 7101
9614 5176
9616 6921
9620 8543
9621 6197
9625 8886
9629 2135
9633 8209
9633 1009
9641 8453
9642 3121
9644 1393
9647 6320
9648 1161
9648 7460
9649 7747
9650 7886
9650 9834
9650 1176
9651 549
9653 6724
9655 9008
9662 2811
9667 3025
9672 5667
9676 2993
9678 4944
9679 5199
9679 4343
9682 1893
9682 5878
9682 558
9685 6906
9686 287
9690 2530
9692 6576
9694 2618
9696 8968
9696 2341
9697 6893
9698 9082
9699 2909
9701 5217
9701 4808
9705 8905
9707 6701
9708 4244
9712 8709
9714 2423
9715 6335
9715 8394
9718 3037
9718 9145
9720 8026
9721 2010
9721 7817
9723 4494
9733 3070
9741 3410
9746 7093
9748 5347
9749 1561
9750 1495
9750 3876
9757 2553
9759 7253
9759 5170
9760 6815
9764 7192
9765 7323
9766 9429
9768 4960
9769 7882
9770 212
9771 9694
9774 8413
9776 721
9778 7309
9779 5017
9779 375
9781 4886
9782 8720
9783 6802
9786 3350
9786 4685
9790 3612
9792 9319
9801 1556
9801 618
9802 3325
9804 7399
9804 98
9805 3967
9807 4516
9807 7112
9808 7090
9808 1787
9809 429
9810 8627
9814 4547
9814 9189
9814 7864
9815 5655
9816 8677
9816 3599
9824 14
9825 8717
9827 8972
9828 6622
9828 1994
9832 1074
9836 8673
9837 9054
9838 9369
9843 1639
9843 628
9844 9572
9846 7447
9848 7188
9850 64
9855 1205
9856 929
9859 5614
9863 6631
9867 9883
9867 46
9868 7824
9868 3662
9869 2805
9871 5405
9873 6446
9876 4386
9878 675
9880 7255
9882 4689
9882 3895
9883 1021
9885 990
9887 5507
9889 4518
9890 5331
9893 2783
9894 5802
9894 5310
9898 6190
9903 6302
9907 8581
9907 2481
9908 8739
9909 4537
9909 103
9913 1205
9915 3709
9915 9382
9916 6086
9916 6071
9918 5895
9919 2259
9920 9823
9922 6827
9924 798
9926 3037
9935 4919
9936 8558
9937 6250
9938 4245
9942 3548
9943 2783
9944 8855
9948 3748
9951 2534
9952 6189
9954 5827
9954 90
9956 125
9956 7786
9958 8794
9959 2532
9961 1716
9961 2173
9965 4620
9965 7778
9966 7297
9969 7817
9971 1087
9977 8431
9978 5877
9979 5227
9979 180
9986 5835
9986 103
9987 811
9987 3592
9990 3951
9997 402
9998 6938
9998 1779
9999 1511
9999 8713
9999 2443
